32	-31	-22
27	-66	-12
49	-60	-11
22	-96	-5
8	-76	5
17	-57	5
36	-82	16
13	-86	29
53	-16	7
40	-15	15
57	-4	11
58	-5	31
47	-11	48
41	-22	60
30	-37	64
6	-26	70
50	-62	16
50	-24	42
38	-45	49
27	-67	51
14	-52	66
49	10	27
28	-3	59
58	-42	13
61	-26	27
40	8	1
11	-31	45
7	6	52
12	35	-20
38	1	-38
57	-39	44
45	-63	46
30	58	-3
45	39	15
32	46	29
43	16	45
5	-27	33
6	28	30
9	-66	43
55	-51	31
62	-23	-19
51	7	-18
57	-26	-2
35	26	-15
51	28	0
7	48	1
11	50	39
26	24	50
12	-54	14
7	-52	31
27.666667 -11.166667 -6.666667 
30.072269 -6.438655 0.944538 
31.849462 -14.741935 -4.838710 
25.670866 3.027165 3.237795 
12.357143 12.566398 -7.741449 
18.865400 6.675712 5.112890 
12.246128 15.330199 1.586283 